  0   0   0   0   0   0   0   0   0   0   0   0   0   0   0   0
  0   0   0   0   0   0   0   0   0   0   0   0   0   0   0   0
  0   0   0   0   0   0   0   0   0   0   0   0   0   0   0   0
  0   0   0   0   0   0 255 255 255 255 255 255 255   0   0   0
  0   0   0   0   0   0 255 255 255 255 255 255 255   0   0   0
  0   0   0   0   0   0 255 255 255 255 255 255 255   0   0   0
  0   0   0 255 255 255 255 255 255 255 255 255 255   0   0   0
  0   0   0 255 255 255 255 255 255 255 255 255 255   0   0   0
  0   0   0 255 255 255 255 255 255 255 255 255 255   0   0   0
  0   0   0 255 255 255 255 255 255 255 255 255 255   0   0   0
  0   0   0 255 255 255 255 255 255 255 255 255 255   0   0   0
  0   0   0 255 255 255 255 255 255 255 255 255 255   0   0   0
  0   0   0 255 255 255 255 255 255 255 255 255 255   0   0   0
  0   0   0   0   0   0   0   0   0   0   0   0   0   0   0   0
  0   0   0   0   0   0   0   0   0   0   0   0   0   0   0   0
  0   0   0   0   0   0   0   0   0   0   0   0   0   0   0   0
  0   0   0   0   0   0   0   0   0   0   0   0   0   0   0   0
  0   0   0   0   0   0   0   0   0   0   0   0   0   0   0   0
  0   0   0   0   0   0   0   0   0   0   0   0   0   0   0   0
  0   0   0   0   0   0 255 255 255 255 255 255 255   0   0   0
  0   0   0   0   0   0 255 255 255 255 255 255 255   0   0   0
  0   0   0   0   0   0 255 255 255 255 255 255 255   0   0   0
  0   0   0 255 255 255 255 255 255 255 255 255 255   0   0   0
  0   0   0 255 255 255 255 255 255 255 255 255 255   0   0   0
  0   0   0 255 255 255 255 255 255 255 255 255 255   0   0   0
  0   0   0 255 255 255 255 255 255 255 255 255 255   0   0   0
  0   0   0 255 255 255 255 255 255 255 255 255 255   0   0   0
  0   0   0 255 255 255 255 255 255 255 255 255 255   0   0   0
  0   0   0 255 255 255 255 255 255 255 255 255 255   0   0   0
  0   0   0   0   0   0   0   0   0   0   0   0   0   0   0   0
  0   0   0   0   0   0   0   0   0   0   0   0   0   0   0   0
  0   0   0   0   0   0   0   0   0   0   0   0   0   0   0   0
  0   0   0   0   0   0   0   0   0   0   0   0   0   0   0   0
  0   0   0   0   0   0   0   0   0   0   0   0   0   0   0   0
  0   0   0   0   0   0   0   0   0   0   0   0   0   0   0   0
  0   0   0   0   0   0 255 255 255 255 255 255 255   0   0   0
  0   0   0   0   0   0 255 255 255 255 255 255 255   0   0   0
  0   0   0   0   0   0 255 255 255 255 255 255 255   0   0   0
  0   0   0 255 255 255 255 255 255 255 255 255 255   0   0   0
  0   0   0 255 255 255 255 255 255 255 255 255 255   0   0   0
  0   0   0 255 255 255 255 255 255 255 255 255 255   0   0   0
  0   0   0 255 255 255 255 255 255 255 255 255 255   0   0   0
  0   0   0 255 255 255 255 255 255 255 255 255 255   0   0   0
  0   0   0 255 255 255 255 255 255 255 255 255 255   0   0   0
  0   0   0 255 255 255 255 255 255 255 255 255 255   0   0   0
  0   0   0   0   0   0   0   0   0   0   0   0   0   0   0   0
  0   0   0   0   0   0   0   0   0   0   0   0   0   0   0   0
  0   0   0   0   0   0   0   0   0   0   0   0   0   0   0   0

  0   0   0   0   0   0   0   0   0   0   0   0   0   0   0   0
  0   0   0   0   0   0   0   0   0   0   0   0   0   0   0   0
  0   0   8  37  45  45  45  45  45  45  45  45  37   8   0   0
  0   0  37 166 204 206 206 206 206 206 206 204 166  37   0   0
  0   0  45 204 251 253 253 253 253 253 253 251 204  45   0   0
  0   0  45 206 253 255 255 255 255 255 255 253 206  45   0   0
  0   0  45 206 253 255 255 255 255 255 255 253 206  45   0   0
  0   0  45 206 253 255 255 255 255 255 255 253 206  45   0   0
  0   0  43 197 242 245 250 254 255 255 255 253 206  45   0   0
  0   0  27 124 152 163 214 250 255 255 255 253 206  45   0   0
  0   0   4  20  25  47 163 245 255 255 255 253 206  45   0   0
  0   0   0   0   0  25 152 242 253 253 253 251 204  45   0   0
  0   0   0   0   0  20 124 197 206 206 206 204 166  37   0   0
  0   0   0   0   0   4  27  43  45  45  45  45  37   8   0   0
  0   0   0   0   0   0   0   0   0   0   0   0   0   0   0   0
  0   0   0   0   0   0   0   0   0   0   0   0   0   0   0   0
  0   0   0   0   0   0   0   0   0   0   0   0   0   0   0   0
  0   0   0   0   0   0   0   0   0   0   0   0   0   0   0   0
  0   0   8  37  45  45  45  45  45  45  45  45  37   8   0   0
  0   0  37 166 204 206 206 206 206 206 206 204 166  37   0   0
  0   0  45 204 251 253 253 253 253 253 253 251 204  45   0   0
  0   0  45 206 253 255 255 255 255 255 255 253 206  45   0   0
  0   0  45 206 253 255 255 255 255 255 255 253 206  45   0   0
  0   0  45 206 253 255 255 255 255 255 255 253 206  45   0   0
  0   0  43 197 242 245 250 254 255 255 255 253 206  45   0   0
  0   0  27 124 152 163 214 250 255 255 255 253 206  45   0   0
  0   0   4  20  25  47 163 245 255 255 255 253 206  45   0   0
  0   0   0   0   0  25 152 242 253 253 253 251 204  45   0   0
  0   0   0   0   0  20 124 197 206 206 206 204 166  37   0   0
  0   0   0   0   0   4  27  43  45  45  45  45  37   8   0   0
  0   0   0   0   0   0   0   0   0   0   0   0   0   0   0   0
  0   0   0   0   0   0   0   0   0   0   0   0   0   0   0   0
  0   0   0   0   0   0   0   0   0   0   0   0   0   0   0   0
  0   0   0   0   0   0   0   0   0   0   0   0   0   0   0   0
  0   0   8  37  45  45  45  45  45  45  45  45  37   8   0   0
  0   0  37 166 204 206 206 206 206 206 206 204 166  37   0   0
  0   0  45 204 251 253 253 253 253 253 253 251 204  45   0   0
  0   0  45 206 253 255 255 255 255 255 255 253 206  45   0   0
  0   0  45 206 253 255 255 255 255 255 255 253 206  45   0   0
  0   0  45 206 253 255 255 255 255 255 255 253 206  45   0   0
  0   0  43 197 242 245 250 254 255 255 255 253 206  45   0   0
  0   0  27 124 152 163 214 250 255 255 255 253 206  45   0   0
  0   0   4  20  25  47 163 245 255 255 255 253 206  45   0   0
  0   0   0   0   0  25 152 242 253 253 253 251 204  45   0   0
  0   0   0   0   0  20 124 197 206 206 206 204 166  37   0   0
  0   0   0   0   0   4  27  43  45  45  45  45  37   8   0   0
  0   0   0   0   0   0   0   0   0   0   0   0   0   0   0   0
  0   0   0   0   0   0   0   0   0   0   0   0   0   0   0   0

  0   0   0   0   0   0   0   0   0   0   0   0   0   0   0   0
  0   0   0   0   0   0   0   0   0   0   0   0   0   0   0   0
  0   0   8  37  45  45  45  45  45  45  45  45  37   8   0   0
  0   0  37 166 204 206 206 206 206 206 206 204 166  37   0   0
  0   0  45 204 251 253 253 253 253 253 253 251 204  45   0   0
  0   0  45 206 253 255 255 255 255 255 255 253 206  45   0   0
  0   0  45 206 253 255 255 255 255 255 255 253 206  45   0   0
  0   0  45 206 253 255 255 255 255 255 255 253 206  45   0   0
  0   0  45 206 253 255 255 255 254 250 245 242 197  43   0   0
  0   0  45 206 253 255 255 255 250 214 163 152 124  27   0   0
  0   0  45 206 253 255 255 255 245 163  47  25  20   4   0   0
  0   0  45 204 251 253 253 253 242 152  25   0   0   0   0   0
  0   0  37 166 204 206 206 206 197 124  20   0   0   0   0   0
  0   0   8  37  45  45  45  45  43  27   4   0   0   0   0   0
  0   0   0   0   0   0   0   0   0   0   0   0   0   0   0   0
  0   0   0   0   0   0   0   0   0   0   0   0   0   0   0   0
  0   0   0   0   0   0   0   0   0   0   0   0   0   0   0   0
  0   0   0   0   0   0   0   0   0   0   0   0   0   0   0   0
  0   0   8  37  45  45  45  45  45  45  45  45  37   8   0   0
  0   0  37 166 204 206 206 206 206 206 206 204 166  37   0   0
  0   0  45 204 251 253 253 253 253 253 253 251 204  45   0   0
  0   0  45 206 253 255 255 255 255 255 255 253 206  45   0   0
  0   0  45 206 253 255 255 255 255 255 255 253 206  45   0   0
  0   0  45 206 253 255 255 255 255 255 255 253 206  45   0   0
  0   0  45 206 253 255 255 255 254 250 245 242 197  43   0   0
  0   0  45 206 253 255 255 255 250 214 163 152 124  27   0   0
  0   0  45 206 253 255 255 255 245 163  47  25  20   4   0   0
  0   0  45 204 251 253 253 253 242 152  25   0   0   0   0   0
  0   0  37 166 204 206 206 206 197 124  20   0   0   0   0   0
  0   0   8  37  45  45  45  45  43  27   4   0   0   0   0   0
  0   0   0   0   0   0   0   0   0   0   0   0   0   0   0   0
  0   0   0   0   0   0   0   0   0   0   0   0   0   0   0   0
  0   0   0   0   0   0   0   0   0   0   0   0   0   0   0   0
  0   0   0   0   0   0   0   0   0   0   0   0   0   0   0   0
  0   0   8  37  45  45  45  45  45  45  45  45  37   8   0   0
  0   0  37 166 204 206 206 206 206 206 206 204 166  37   0   0
  0   0  45 204 251 253 253 253 253 253 253 251 204  45   0   0
  0   0  45 206 253 255 255 255 255 255 255 253 206  45   0   0
  0   0  45 206 253 255 255 255 255 255 255 253 206  45   0   0
  0   0  45 206 253 255 255 255 255 255 255 253 206  45   0   0
  0   0  45 206 253 255 255 255 254 250 245 242 197  43   0   0
  0   0  45 206 253 255 255 255 250 214 163 152 124  27   0   0
  0   0  45 206 253 255 255 255 245 163  47  25  20   4   0   0
  0   0  45 204 251 253 253 253 242 152  25   0   0   0   0   0
  0   0  37 166 204 206 206 206 197 124  20   0   0   0   0   0
  0   0   8  37  45  45  45  45  43  27   4   0   0   0   0   0
  0   0   0   0   0   0   0   0   0   0   0   0   0   0   0   0
  0   0   0   0   0   0   0   0   0   0   0   0   0   0   0   0

  0   0   0   0   0   0   0   0   0   0   0   0   0   0   0   0
  0   0   0   0   0   0   0   0   0   0   0   0   0   0   0   0
  0   0   8  37  45  45  45  45  43  27   4   0   0   0   0   0
  0   0  37 166 204 206 206 206 197 124  20   0   0   0   0   0
  0   0  45 204 251 253 253 253 242 152  25   0   0   0   0   0
  0   0  45 206 253 255 255 255 245 163  47  25  20   4   0   0
  0   0  45 206 253 255 255 255 250 214 163 152 124  27   0   0
  0   0  45 206 253 255 255 255 254 250 245 242 197  43   0   0
  0   0  45 206 253 255 255 255 255 255 255 253 206  45   0   0
  0   0  45 206 253 255 255 255 255 255 255 253 206  45   0   0
  0   0  45 206 253 255 255 255 255 255 255 253 206  45   0   0
  0   0  45 204 251 253 253 253 253 253 253 251 204  45   0   0
  0   0  37 166 204 206 206 206 206 206 206 204 166  37   0   0
  0   0   8  37  45  45  45  45  45  45  45  45  37   8   0   0
  0   0   0   0   0   0   0   0   0   0   0   0   0   0   0   0
  0   0   0   0   0   0   0   0   0   0   0   0   0   0   0   0
  0   0   0   0   0   0   0   0   0   0   0   0   0   0   0   0
  0   0   0   0   0   0   0   0   0   0   0   0   0   0   0   0
  0   0   8  37  45  45  45  45  43  27   4   0   0   0   0   0
  0   0  37 166 204 206 206 206 197 124  20   0   0   0   0   0
  0   0  45 204 251 253 253 253 242 152  25   0   0   0   0   0
  0   0  45 206 253 255 255 255 245 163  47  25  20   4   0   0
  0   0  45 206 253 255 255 255 250 214 163 152 124  27   0   0
  0   0  45 206 253 255 255 255 254 250 245 242 197  43   0   0
  0   0  45 206 253 255 255 255 255 255 255 253 206  45   0   0
  0   0  45 206 253 255 255 255 255 255 255 253 206  45   0   0
  0   0  45 206 253 255 255 255 255 255 255 253 206  45   0   0
  0   0  45 204 251 253 253 253 253 253 253 251 204  45   0   0
  0   0  37 166 204 206 206 206 206 206 206 204 166  37   0   0
  0   0   8  37  45  45  45  45  45  45  45  45  37   8   0   0
  0   0   0   0   0   0   0   0   0   0   0   0   0   0   0   0
  0   0   0   0   0   0   0   0   0   0   0   0   0   0   0   0
  0   0   0   0   0   0   0   0   0   0   0   0   0   0   0   0
  0   0   0   0   0   0   0   0   0   0   0   0   0   0   0   0
  0   0   8  37  45  45  45  45  43  27   4   0   0   0   0   0
  0   0  37 166 204 206 206 206 197 124  20   0   0   0   0   0
  0   0  45 204 251 253 253 253 242 152  25   0   0   0   0   0
  0   0  45 206 253 255 255 255 245 163  47  25  20   4   0   0
  0   0  45 206 253 255 255 255 250 214 163 152 124  27   0   0
  0   0  45 206 253 255 255 255 254 250 245 242 197  43   0   0
  0   0  45 206 253 255 255 255 255 255 255 253 206  45   0   0
  0   0  45 206 253 255 255 255 255 255 255 253 206  45   0   0
  0   0  45 206 253 255 255 255 255 255 255 253 206  45   0   0
  0   0  45 204 251 253 253 253 253 253 253 251 204  45   0   0
  0   0  37 166 204 206 206 206 206 206 206 204 166  37   0   0
  0   0   8  37  45  45  45  45  45  45  45  45  37   8   0   0
  0   0   0   0   0   0   0   0   0   0   0   0   0   0   0   0
  0   0   0   0   0   0   0   0   0   0   0   0   0   0   0   0
