255 255 255 255 255 255 255 255 255 255 255 255 255 255 255 255
255 255 255 255 255 255 255 255 255 255 255 255 255 255 255 255
255 255   0   0   0 255   0   0   0   0   0   0   0   0 255 255
255 255   0   0   0 255   0   0   0   0   0   0   0   0 255 255
255 255   0   0   0 255   0   0   0   0   0   0   0   0 255 255
255 255 255 255 255 255   0   0   0   0   0   0   0   0 255 255
255 255   0   0   0 255   0   0   0   0   0   0   0   0 255 255
255 255   0   0   0 255   0   0   0   0   0   0   0   0 255 255
255 255   0   0   0 255   0   0   0   0   0   0   0   0 255 255
255 255   0   0   0 255   0   0   0   0   0   0   0   0 255 255
255 255 255 255 255 255   0   0   0   0   0   0   0   0 255 255
255 255   0   0   0 255   0   0   0   0   0   0   0   0 255 255
255 255   0   0   0 255   0   0   0   0   0   0   0   0 255 255
255 255   0   0   0 255   0   0   0   0   0   0   0   0 255 255
255 255 255 255 255 255 255 255 255 255 255 255 255 255 255 255
255 255 255 255 255 255 255 255 255 255 255 255 255 255 255 255
255 255 255 255 255 255 255 255 255 255 255 255 255 255 255 255
255 255 255 255 255 255 255 255 255 255 255 255 255 255 255 255
255 255   0   0   0 255   0   0   0   0   0   0   0   0 255 255
255 255   0   0   0 255   0   0   0   0   0   0   0   0 255 255
255 255   0   0   0 255   0   0   0   0   0   0   0   0 255 255
255 255 255 255 255 255   0   0   0   0   0   0   0   0 255 255
255 255   0   0   0 255   0   0   0   0   0   0   0   0 255 255
255 255   0   0   0 255   0   0   0   0   0   0   0   0 255 255
255 255   0   0   0 255   0   0   0   0   0   0   0   0 255 255
255 255   0   0   0 255   0   0   0   0   0   0   0   0 255 255
255 255 255 255 255 255   0   0   0   0   0   0   0   0 255 255
255 255   0   0   0 255   0   0   0   0   0   0   0   0 255 255
255 255   0   0   0 255   0   0   0   0   0   0   0   0 255 255
255 255   0   0   0 255   0   0   0   0   0   0   0   0 255 255
255 255 255 255 255 255 255 255 255 255 255 255 255 255 255 255
255 255 255 255 255 255 255 255 255 255 255 255 255 255 255 255
255 255 255 255 255 255 255 255 255 255 255 255 255 255 255 255
255 255 255 255 255 255 255 255 255 255 255 255 255 255 255 255
255 255   0   0   0 255   0   0   0   0   0   0   0   0 255 255
255 255   0   0   0 255   0   0   0   0   0   0   0   0 255 255
255 255   0   0   0 255   0   0   0   0   0   0   0   0 255 255
255 255 255 255 255 255   0   0   0   0   0   0   0   0 255 255
255 255   0   0   0 255   0   0   0   0   0   0   0   0 255 255
255 255   0   0   0 255   0   0   0   0   0   0   0   0 255 255
255 255   0   0   0 255   0   0   0   0   0   0   0   0 255 255
255 255   0   0   0 255   0   0   0   0   0   0   0   0 255 255
255 255 255 255 255 255   0   0   0   0   0   0   0   0 255 255
255 255   0   0   0 255   0   0   0   0   0   0   0   0 255 255
255 255   0   0   0 255   0   0   0   0   0   0   0   0 255 255
255 255   0   0   0 255   0   0   0   0   0   0   0   0 255 255
255 255 255 255 255 255 255 255 255 255 255 255 255 255 255 255
255 255 255 255 255 255 255 255 255 255 255 255 255 255 255 255

254 252 251 251 251 251 251 251 251 251 251 251 251 251 252 254
252 144  93  86  86  86  86  86  86  86  86  86  86  93 144 252
251  93  20  10  10  10  10  10  10  10  10  10  10  20  93 251
251  86  10   0   0   0   0   0   0   0   0   0   0  10  86 251
251  86  10   0   0   0   0   0   0   0   0   0   0  10  86 251
251  86  10   0   0   0   0   0   0   0   0   0   0  10  86 251
251  86  10   0   0   0   0   0   0   0   0   0   0  10  86 251
251  86  10   0   0   0   0   0   0   0   0   0   0  10  86 251
251  93  20  10  10  10  10  10  10  10  10  10  10  20  93 251
252 153 107 100 100 100 100 100 100 100 100 100 100 107 153 252
254 216 200 198 212 222 210 199 199 210 222 212 198 200 216 254
253 161 117 112 174 223 168 118 118 168 223 174 112 117 161 253
251  86  10   0 112 198 100  10  10 100 198 112   0  10  86 251
251  93  20  10 117 200 107  20  20 107 200 117  10  20  93 251
252 144  93  86 161 216 153  93  93 153 216 161  86  93 144 252
254 252 251 251 253 254 252 251 251 252 254 253 251 251 252 254
254 252 251 251 251 251 251 251 251 251 251 251 251 251 252 254
252 144  93  86  86  86  86  86  86  86  86  86  86  93 144 252
251  93  20  10  10  10  10  10  10  10  10  10  10  20  93 251
251  86  10   0   0   0   0   0   0   0   0   0   0  10  86 251
251  86  10   0   0   0   0   0   0   0   0   0   0  10  86 251
251  86  10   0   0   0   0   0   0   0   0   0   0  10  86 251
251  86  10   0   0   0   0   0   0   0   0   0   0  10  86 251
251  86  10   0   0   0   0   0   0   0   0   0   0  10  86 251
251  93  20  10  10  10  10  10  10  10  10  10  10  20  93 251
252 153 107 100 100 100 100 100 100 100 100 100 100 107 153 252
254 216 200 198 212 222 210 199 199 210 222 212 198 200 216 254
253 161 117 112 174 223 168 118 118 168 223 174 112 117 161 253
251  86  10   0 112 198 100  10  10 100 198 112   0  10  86 251
251  93  20  10 117 200 107  20  20 107 200 117  10  20  93 251
252 144  93  86 161 216 153  93  93 153 216 161  86  93 144 252
254 252 251 251 253 254 252 251 251 252 254 253 251 251 252 254
254 252 251 251 251 251 251 251 251 251 251 251 251 251 252 254
252 144  93  86  86  86  86  86  86  86  86  86  86  93 144 252
251  93  20  10  10  10  10  10  10  10  10  10  10  20  93 251
251  86  10   0   0   0   0   0   0   0   0   0   0  10  86 251
251  86  10   0   0   0   0   0   0   0   0   0   0  10  86 251
251  86  10   0   0   0   0   0   0   0   0   0   0  10  86 251
251  86  10   0   0   0   0   0   0   0   0   0   0  10  86 251
251  86  10   0   0   0   0   0   0   0   0   0   0  10  86 251
251  93  20  10  10  10  10  10  10  10  10  10  10  20  93 251
252 153 107 100 100 100 100 100 100 100 100 100 100 107 153 252
254 216 200 198 212 222 210 199 199 210 222 212 198 200 216 254
253 161 117 112 174 223 168 118 118 168 223 174 112 117 161 253
251  86  10   0 112 198 100  10  10 100 198 112   0  10  86 251
251  93  20  10 117 200 107  20  20 107 200 117  10  20  93 251
252 144  93  86 161 216 153  93  93 153 216 161  86  93 144 252
254 252 251 251 253 254 252 251 251 252 254 253 251 251 252 254

254 252 251 251 251 251 251 251 251 252 254 253 251 251 252 254
252 144  93  86  86  86  86  86  93 153 216 161  86  93 144 252
251  93  20  10  10  10  10  10  20 107 200 117  10  20  93 251
251  86  10   0   0   0   0   0  10 100 198 112   0  10  86 251
251  86  10   0   0   0   0   0  10 100 212 174 112 117 161 253
251  86  10   0   0   0   0   0  10 100 222 223 198 200 216 254
251  86  10   0   0   0   0   0  10 100 210 168 100 107 153 252
251  86  10   0   0   0   0   0  10 100 199 118  10  20  93 251
251  86  10   0   0   0   0   0  10 100 199 118  10  20  93 251
251  86  10   0   0   0   0   0  10 100 210 168 100 107 153 252
251  86  10   0   0   0   0   0  10 100 222 223 198 200 216 254
251  86  10   0   0   0   0   0  10 100 212 174 112 117 161 253
251  86  10   0   0   0   0   0  10 100 198 112   0  10  86 251
251  93  20  10  10  10  10  10  20 107 200 117  10  20  93 251
252 144  93  86  86  86  86  86  93 153 216 161  86  93 144 252
254 252 251 251 251 251 251 251 251 252 254 253 251 251 252 254
254 252 251 251 251 251 251 251 251 252 254 253 251 251 252 254
252 144  93  86  86  86  86  86  93 153 216 161  86  93 144 252
251  93  20  10  10  10  10  10  20 107 200 117  10  20  93 251
251  86  10   0   0   0   0   0  10 100 198 112   0  10  86 251
251  86  10   0   0   0   0   0  10 100 212 174 112 117 161 253
251  86  10   0   0   0   0   0  10 100 222 223 198 200 216 254
251  86  10   0   0   0   0   0  10 100 210 168 100 107 153 252
251  86  10   0   0   0   0   0  10 100 199 118  10  20  93 251
251  86  10   0   0   0   0   0  10 100 199 118  10  20  93 251
251  86  10   0   0   0   0   0  10 100 210 168 100 107 153 252
251  86  10   0   0   0   0   0  10 100 222 223 198 200 216 254
251  86  10   0   0   0   0   0  10 100 212 174 112 117 161 253
251  86  10   0   0   0   0   0  10 100 198 112   0  10  86 251
251  93  20  10  10  10  10  10  20 107 200 117  10  20  93 251
252 144  93  86  86  86  86  86  93 153 216 161  86  93 144 252
254 252 251 251 251 251 251 251 251 252 254 253 251 251 252 254
254 252 251 251 251 251 251 251 251 252 254 253 251 251 252 254
252 144  93  86  86  86  86  86  93 153 216 161  86  93 144 252
251  93  20  10  10  10  10  10  20 107 200 117  10  20  93 251
251  86  10   0   0   0   0   0  10 100 198 112   0  10  86 251
251  86  10   0   0   0   0   0  10 100 212 174 112 117 161 253
251  86  10   0   0   0   0   0  10 100 222 223 198 200 216 254
251  86  10   0   0   0   0   0  10 100 210 168 100 107 153 252
251  86  10   0   0   0   0   0  10 100 199 118  10  20  93 251
251  86  10   0   0   0   0   0  10 100 199 118  10  20  93 251
251  86  10   0   0   0   0   0  10 100 210 168 100 107 153 252
251  86  10   0   0   0   0   0  10 100 222 223 198 200 216 254
251  86  10   0   0   0   0   0  10 100 212 174 112 117 161 253
251  86  10   0   0   0   0   0  10 100 198 112   0  10  86 251
251  93  20  10  10  10  10  10  20 107 200 117  10  20  93 251
252 144  93  86  86  86  86  86  93 153 216 161  86  93 144 252
254 252 251 251 251 251 251 251 251 252 254 253 251 251 252 254

254 252 251 251 253 254 252 251 251 252 254 253 251 251 252 254
252 144  93  86 161 216 153  93  93 153 216 161  86  93 144 252
251  93  20  10 117 200 107  20  20 107 200 117  10  20  93 251
251  86  10   0 112 198 100  10  10 100 198 112   0  10  86 251
253 161 117 112 174 223 168 118 118 168 223 174 112 117 161 253
254 216 200 198 212 222 210 199 199 210 222 212 198 200 216 254
252 153 107 100 100 100 100 100 100 100 100 100 100 107 153 252
251  93  20  10  10  10  10  10  10  10  10  10  10  20  93 251
251  86  10   0   0   0   0   0   0   0   0   0   0  10  86 251
251  86  10   0   0   0   0   0   0   0   0   0   0  10  86 251
251  86  10   0   0   0   0   0   0   0   0   0   0  10  86 251
251  86  10   0   0   0   0   0   0   0   0   0   0  10  86 251
251  86  10   0   0   0   0   0   0   0   0   0   0  10  86 251
251  93  20  10  10  10  10  10  10  10  10  10  10  20  93 251
252 144  93  86  86  86  86  86  86  86  86  86  86  93 144 252
254 252 251 251 251 251 251 251 251 251 251 251 251 251 252 254
254 252 251 251 253 254 252 251 251 252 254 253 251 251 252 254
252 144  93  86 161 216 153  93  93 153 216 161  86  93 144 252
251  93  20  10 117 200 107  20  20 107 200 117  10  20  93 251
251  86  10   0 112 198 100  10  10 100 198 112   0  10  86 251
253 161 117 112 174 223 168 118 118 168 223 174 112 117 161 253
254 216 200 198 212 222 210 199 199 210 222 212 198 200 216 254
252 153 107 100 100 100 100 100 100 100 100 100 100 107 153 252
251  93  20  10  10  10  10  10  10  10  10  10  10  20  93 251
251  86  10   0   0   0   0   0   0   0   0   0   0  10  86 251
251  86  10   0   0   0   0   0   0   0   0   0   0  10  86 251
251  86  10   0   0   0   0   0   0   0   0   0   0  10  86 251
251  86  10   0   0   0   0   0   0   0   0   0   0  10  86 251
251  86  10   0   0   0   0   0   0   0   0   0   0  10  86 251
251  93  20  10  10  10  10  10  10  10  10  10  10  20  93 251
252 144  93  86  86  86  86  86  86  86  86  86  86  93 144 252
254 252 251 251 251 251 251 251 251 251 251 251 251 251 252 254
254 252 251 251 253 254 252 251 251 252 254 253 251 251 252 254
252 144  93  86 161 216 153  93  93 153 216 161  86  93 144 252
251  93  20  10 117 200 107  20  20 107 200 117  10  20  93 251
251  86  10   0 112 198 100  10  10 100 198 112   0  10  86 251
253 161 117 112 174 223 168 118 118 168 223 174 112 117 161 253
254 216 200 198 212 222 210 199 199 210 222 212 198 200 216 254
252 153 107 100 100 100 100 100 100 100 100 100 100 107 153 252
251  93  20  10  10  10  10  10  10  10  10  10  10  20  93 251
251  86  10   0   0   0   0   0   0   0   0   0   0  10  86 251
251  86  10   0   0   0   0   0   0   0   0   0   0  10  86 251
251  86  10   0   0   0   0   0   0   0   0   0   0  10  86 251
251  86  10   0   0   0   0   0   0   0   0   0   0  10  86 251
251  86  10   0   0   0   0   0   0   0   0   0   0  10  86 251
251  93  20  10  10  10  10  10  10  10  10  10  10  20  93 251
252 144  93  86  86  86  86  86  86  86  86  86  86  93 144 252
254 252 251 251 251 251 251 251 251 251 251 251 251 251 252 254
