255 255 255 255 255 255 255 255 255 255 255 255 255 255 255 255
255 255 255 255 255 255 255 255 255 255 255 255 255 255 255 255
255 255   0   0   0 255   0   0   0   0 255   0   0   0 255 255
255 255   0 255 255 255   0   0   0   0 255 255 255  29 255 255
255 255   0 255 255 255   0   0   0   0 255 255 255  29 255 255
255 255 255 255 255   0   0   0   0   0   0 255 255 255 255 255
255 255   0   0   0   0   0   0   0   0   0   0   0   0 255 255
255 255   0   0   0   0   0   0   0   0   0   0   0   0 255 255
255 255   0   0   0   0   0   0   0   0   0   0   0   0 255 255
255 255   0   0   0   0   0   0   0   0   0   0   0   0 255 255
255 255 255 255 255   0   0   0   0   0   0 255 255 255 255 255
255 255   0 255 255 255   0   0   0   0 255 255 255 255 255 255
255 255   0 255 255 255   0   0   0   0 255 255 255 255 255 255
255 255   0  29  29 255   0   0   0   0 255 255 255 255 255 255
255 255 255 255 255 255 255 255 255 255 255 255 255 255 255 255
255 255 255 255 255 255 255 255 255 255 255 255 255 255 255 255
255 255 255 255 255 255 255 255 255 255 255 255 255 255 255 255
255 255 255 255 255 255 255 255 255 255 255 255 255 255 255 255
255 255   0   0   0 255   0   0   0   0 255   0   0   0 255 255
255 255   0 255 255 255   0   0   0   0 255 255 255  29 255 255
255 255   0 255 255 255   0   0   0   0 255 255 255  29 255 255
255 255 255 255 255   0   0   0   0   0   0 255 255 255 255 255
255 255   0   0   0   0   0   0   0   0   0   0   0   0 255 255
255 255   0   0   0   0   0   0   0   0   0   0   0   0 255 255
255 255   0   0   0   0   0   0   0   0   0   0   0   0 255 255
255 255   0   0   0   0   0   0   0   0   0   0   0   0 255 255
255 255 255 255 255   0   0   0   0   0   0 255 255 255 255 255
255 255   0 255 255 255   0   0   0   0 255 255 255 255 255 255
255 255   0 255 255 255   0   0   0   0 255 255 255 255 255 255
255 255   0  29  29 255   0   0   0   0 255 255 255 255 255 255
255 255 255 255 255 255 255 255 255 255 255 255 255 255 255 255
255 255 255 255 255 255 255 255 255 255 255 255 255 255 255 255
255 255 255 255 255 255 255 255 255 255 255 255 255 255 255 255
255 255 255 255 255 255 255 255 255 255 255 255 255 255 255 255
255 255   0   0   0 255   0   0   0   0 255   0   0   0 255 255
255 255   0 255 255 255   0   0   0   0 255 255 255  29 255 255
255 255   0 255 255 255   0   0   0   0 255 255 255  29 255 255
255 255 255 255 255   0   0   0   0   0   0 255 255 255 255 255
255 255   0   0   0   0   0   0   0   0   0   0   0   0 255 255
255 255   0   0   0   0   0   0   0   0   0   0   0   0 255 255
255 255   0   0   0   0   0   0   0   0   0   0   0   0 255 255
255 255   0   0   0   0   0   0   0   0   0   0   0   0 255 255
255 255 255 255 255   0   0   0   0   0   0 255 255 255 255 255
255 255   0 255 255 255   0   0   0   0 255 255 255 255 255 255
255 255   0 255 255 255   0   0   0   0 255 255 255 255 255 255
255 255   0  29  29 255   0   0   0   0 255 255 255 255 255 255
255 255 255 255 255 255 255 255 255 255 255 255 255 255 255 255
255 255 255 255 255 255 255 255 255 255 255 255 255 255 255 255

254 252 251 251 253 254 252 251 251 252 254 255 255 255 255 255
252 144  96 102 171 219 153  93  93 153 238 255 255 255 255 255
251  93  32  64 154 209 107  20  20 107 231 255 255 255 255 255
251  86  48 171 229 224 100  10  10 100 230 255 255 255 255 255
253 161 142 226 203 143  56   6   6  56 143 205 255 255 255 255
254 216 206 223 143  53  12   1   1  12  53 143 230 231 238 254
252 153 107 100  56  12   0   0   0   0  12  56 100 107 153 252
251  93  20  10   6   1   0   0   0   0   1   6  10  20  93 251
251  93  20  10   6   1   0   0   0   0   1   6  10  20  93 251
252 153 107 100  56  12   0   0   0   0  12  56 100 107 153 252
254 216 206 223 143  53  12   1   1  12  53 143 224 209 219 254
253 161 142 226 202 143  56   6   6  56 143 203 229 154 171 253
251  86  47 166 226 223 100  10  10 100 223 226 171  64 102 251
251  93  28  47 142 206 107  20  20 107 206 142  48  32  96 251
252 144  93  86 161 216 153  93  93 153 216 161  86  93 144 252
254 252 251 251 253 254 252 251 251 252 254 253 251 251 252 254
254 252 251 251 253 254 252 251 251 252 254 255 255 255 255 255
252 144  96 102 171 219 153  93  93 153 238 255 255 255 255 255
251  93  32  64 154 209 107  20  20 107 231 255 255 255 255 255
251  86  48 171 229 224 100  10  10 100 230 255 255 255 255 255
253 161 142 226 203 143  56   6   6  56 143 205 255 255 255 255
254 216 206 223 143  53  12   1   1  12  53 143 230 231 238 254
252 153 107 100  56  12   0   0   0   0  12  56 100 107 153 252
251  93  20  10   6   1   0   0   0   0   1   6  10  20  93 251
251  93  20  10   6   1   0   0   0   0   1   6  10  20  93 251
252 153 107 100  56  12   0   0   0   0  12  56 100 107 153 252
254 216 206 223 143  53  12   1   1  12  53 143 224 209 219 254
253 161 142 226 202 143  56   6   6  56 143 203 229 154 171 253
251  86  47 166 226 223 100  10  10 100 223 226 171  64 102 251
251  93  28  47 142 206 107  20  20 107 206 142  48  32  96 251
252 144  93  86 161 216 153  93  93 153 216 161  86  93 144 252
254 252 251 251 253 254 252 251 251 252 254 253 251 251 252 254
254 252 251 251 253 254 252 251 251 252 254 255 255 255 255 255
252 144  96 102 171 219 153  93  93 153 238 255 255 255 255 255
251  93  32  64 154 209 107  20  20 107 231 255 255 255 255 255
251  86  48 171 229 224 100  10  10 100 230 255 255 255 255 255
253 161 142 226 203 143  56   6   6  56 143 205 255 255 255 255
254 216 206 223 143  53  12   1   1  12  53 143 230 231 238 254
252 153 107 100  56  12   0   0   0   0  12  56 100 107 153 252
251  93  20  10   6   1   0   0   0   0   1   6  10  20  93 251
251  93  20  10   6   1   0   0   0   0   1   6  10  20  93 251
252 153 107 100  56  12   0   0   0   0  12  56 100 107 153 252
254 216 206 223 143  53  12   1   1  12  53 143 224 209 219 254
253 161 142 226 202 143  56   6   6  56 143 203 229 154 171 253
251  86  47 166 226 223 100  10  10 100 223 226 171  64 102 251
251  93  28  47 142 206 107  20  20 107 206 142  48  32  96 251
252 144  93  86 161 216 153  93  93 153 216 161  86  93 144 252
254 252 251 251 253 254 252 251 251 252 254 253 251 251 252 254

255 255 255 255 255 254 252 251 251 252 254 253 251 251 252 254
255 255 255 255 255 238 153  93  93 153 219 171 102  96 144 252
255 255 255 255 255 231 107  20  20 107 209 154  64  32  93 251
255 255 255 255 255 230 100  10  10 100 224 229 171  48  86 251
255 255 255 255 205 143  56   6   6  56 143 203 226 142 161 253
254 238 231 230 143  53  12   1   1  12  53 143 223 206 216 254
252 153 107 100  56  12   0   0   0   0  12  56 100 107 153 252
251  93  20  10   6   1   0   0   0   0   1   6  10  20  93 251
251  93  20  10   6   1   0   0   0   0   1   6  10  20  93 251
252 153 107 100  56  12   0   0   0   0  12  56 100 107 153 252
254 219 209 224 143  53  12   1   1  12  53 143 223 206 216 254
253 171 154 229 203 143  56   6   6  56 143 202 226 142 161 253
251 102  64 171 226 223 100  10  10 100 223 226 166  47  86 251
251  96  32  48 142 206 107  20  20 107 206 142  47  28  93 251
252 144  93  86 161 216 153  93  93 153 216 161  86  93 144 252
254 252 251 251 253 254 252 251 251 252 254 253 251 251 252 254
255 255 255 255 255 254 252 251 251 252 254 253 251 251 252 254
255 255 255 255 255 238 153  93  93 153 219 171 102  96 144 252
255 255 255 255 255 231 107  20  20 107 209 154  64  32  93 251
255 255 255 255 255 230 100  10  10 100 224 229 171  48  86 251
255 255 255 255 205 143  56   6   6  56 143 203 226 142 161 253
254 238 231 230 143  53  12   1   1  12  53 143 223 206 216 254
252 153 107 100  56  12   0   0   0   0  12  56 100 107 153 252
251  93  20  10   6   1   0   0   0   0   1   6  10  20  93 251
251  93  20  10   6   1   0   0   0   0   1   6  10  20  93 251
252 153 107 100  56  12   0   0   0   0  12  56 100 107 153 252
254 219 209 224 143  53  12   1   1  12  53 143 223 206 216 254
253 171 154 229 203 143  56   6   6  56 143 202 226 142 161 253
251 102  64 171 226 223 100  10  10 100 223 226 166  47  86 251
251  96  32  48 142 206 107  20  20 107 206 142  47  28  93 251
252 144  93  86 161 216 153  93  93 153 216 161  86  93 144 252
254 252 251 251 253 254 252 251 251 252 254 253 251 251 252 254
255 255 255 255 255 254 252 251 251 252 254 253 251 251 252 254
255 255 255 255 255 238 153  93  93 153 219 171 102  96 144 252
255 255 255 255 255 231 107  20  20 107 209 154  64  32  93 251
255 255 255 255 255 230 100  10  10 100 224 229 171  48  86 251
255 255 255 255 205 143  56   6   6  56 143 203 226 142 161 253
254 238 231 230 143  53  12   1   1  12  53 143 223 206 216 254
252 153 107 100  56  12   0   0   0   0  12  56 100 107 153 252
251  93  20  10   6   1   0   0   0   0   1   6  10  20  93 251
251  93  20  10   6   1   0   0   0   0   1   6  10  20  93 251
252 153 107 100  56  12   0   0   0   0  12  56 100 107 153 252
254 219 209 224 143  53  12   1   1  12  53 143 223 206 216 254
253 171 154 229 203 143  56   6   6  56 143 202 226 142 161 253
251 102  64 171 226 223 100  10  10 100 223 226 166  47  86 251
251  96  32  48 142 206 107  20  20 107 206 142  47  28  93 251
252 144  93  86 161 216 153  93  93 153 216 161  86  93 144 252
254 252 251 251 253 254 252 251 251 252 254 253 251 251 252 254

254 252 251 251 253 254 252 251 251 252 254 253 251 251 252 254
252 144  93  86 161 216 153  93  93 153 216 161  86  93 144 252
251  96  32  48 142 206 107  20  20 107 206 142  47  28  93 251
251 102  64 171 226 223 100  10  10 100 223 226 166  47  86 251
253 171 154 229 203 143  56   6   6  56 143 202 226 142 161 253
254 219 209 224 143  53  12   1   1  12  53 143 223 206 216 254
252 153 107 100  56  12   0   0   0   0  12  56 100 107 153 252
251  93  20  10   6   1   0   0   0   0   1   6  10  20  93 251
251  93  20  10   6   1   0   0   0   0   1   6  10  20  93 251
252 153 107 100  56  12   0   0   0   0  12  56 100 107 153 252
254 238 231 230 143  53  12   1   1  12  53 143 223 206 216 254
255 255 255 255 205 143  56   6   6  56 143 203 226 142 161 253
255 255 255 255 255 230 100  10  10 100 224 229 171  48  86 251
255 255 255 255 255 231 107  20  20 107 209 154  64  32  93 251
255 255 255 255 255 238 153  93  93 153 219 171 102  96 144 252
255 255 255 255 255 254 252 251 251 252 254 253 251 251 252 254
254 252 251 251 253 254 252 251 251 252 254 253 251 251 252 254
252 144  93  86 161 216 153  93  93 153 216 161  86  93 144 252
251  96  32  48 142 206 107  20  20 107 206 142  47  28  93 251
251 102  64 171 226 223 100  10  10 100 223 226 166  47  86 251
253 171 154 229 203 143  56   6   6  56 143 202 226 142 161 253
254 219 209 224 143  53  12   1   1  12  53 143 223 206 216 254
252 153 107 100  56  12   0   0   0   0  12  56 100 107 153 252
251  93  20  10   6   1   0   0   0   0   1   6  10  20  93 251
251  93  20  10   6   1   0   0   0   0   1   6  10  20  93 251
252 153 107 100  56  12   0   0   0   0  12  56 100 107 153 252
254 238 231 230 143  53  12   1   1  12  53 143 223 206 216 254
255 255 255 255 205 143  56   6   6  56 143 203 226 142 161 253
255 255 255 255 255 230 100  10  10 100 224 229 171  48  86 251
255 255 255 255 255 231 107  20  20 107 209 154  64  32  93 251
255 255 255 255 255 238 153  93  93 153 219 171 102  96 144 252
255 255 255 255 255 254 252 251 251 252 254 253 251 251 252 254
254 252 251 251 253 254 252 251 251 252 254 253 251 251 252 254
252 144  93  86 161 216 153  93  93 153 216 161  86  93 144 252
251  96  32  48 142 206 107  20  20 107 206 142  47  28  93 251
251 102  64 171 226 223 100  10  10 100 223 226 166  47  86 251
253 171 154 229 203 143  56   6   6  56 143 202 226 142 161 253
254 219 209 224 143  53  12   1   1  12  53 143 223 206 216 254
252 153 107 100  56  12   0   0   0   0  12  56 100 107 153 252
251  93  20  10   6   1   0   0   0   0   1   6  10  20  93 251
251  93  20  10   6   1   0   0   0   0   1   6  10  20  93 251
252 153 107 100  56  12   0   0   0   0  12  56 100 107 153 252
254 238 231 230 143  53  12   1   1  12  53 143 223 206 216 254
255 255 255 255 205 143  56   6   6  56 143 203 226 142 161 253
255 255 255 255 255 230 100  10  10 100 224 229 171  48  86 251
255 255 255 255 255 231 107  20  20 107 209 154  64  32  93 251
255 255 255 255 255 238 153  93  93 153 219 171 102  96 144 252
255 255 255 255 255 254 252 251 251 252 254 253 251 251 252 254
