255 255 255 255 255 255 255 255 255 255 255 255 255 255 255 255
255 255 255 255 255 255 255 255 255 255 255 255 255 255 255 255
255 255   0   0   0 255 255 255 255 255 255   0   0   0 255 255
255 255   0 255 255 255   0   0   0   0 255 255 255  29 255 255
255 255   0 255 255 255   0   0   0   0 255 255 255  29 255 255
255 255 255 255 255   0   0   0   0   0   0 255 255 255 255 255
255 255 255 255 255   0 255 255   0   0   0 255 255 255 255 255
255 255 255 255 255   0 255 255   0   0   0 255 255 255 255 255
255 255 255 255 255   0   0   0 255 255   0 255 255 255 255 255
255 255 255 255 255   0   0   0 255 255   0 255 255 255 255 255
255 255 255 255 255   0   0   0   0   0   0 255 255 255 255 255
255 255   0 255 255 255 255 255 255 255 255 255 255 255 255 255
255 255   0 255 255 255 255 255 255 255 255 255 255 255 255 255
255 255   0  29  29 255 255 255 255 255 255 255 255 255 255 255
255 255 255 255 255 255 255 255 255 255 255 255 255 255 255 255
255 255 255 255 255 255 255 255 255 255 255 255 255 255 255 255
255 255 255 255 255 255 255 255 255 255 255 255 255 255 255 255
255 255 255 255 255 255 255 255 255 255 255 255 255 255 255 255
255 255   0   0   0 255 255 255 255 255 255   0   0   0 255 255
255 255   0 255 255 255   0   0   0   0 255 255 255  29 255 255
255 255   0 255 255 255   0   0   0   0 255 255 255  29 255 255
255 255 255 255 255   0   0   0   0   0   0 255 255 255 255 255
255 255 255 255 255   0 255 255   0   0   0 255 255 255 255 255
255 255 255 255 255   0 255 255   0   0   0 255 255 255 255 255
255 255 255 255 255   0   0   0 255 255   0 255 255 255 255 255
255 255 255 255 255   0   0   0 255 255   0 255 255 255 255 255
255 255 255 255 255   0   0   0   0   0   0 255 255 255 255 255
255 255   0 255 255 255 255 255 255 255 255 255 255 255 255 255
255 255   0 255 255 255 255 255 255 255 255 255 255 255 255 255
255 255   0  29  29 255 255 255 255 255 255 255 255 255 255 255
255 255 255 255 255 255 255 255 255 255 255 255 255 255 255 255
255 255 255 255 255 255 255 255 255 255 255 255 255 255 255 255
255 255 255 255 255 255 255 255 255 255 255 255 255 255 255 255
255 255 255 255 255 255 255 255 255 255 255 255 255 255 255 255
255 255   0   0   0 255 255 255 255 255 255   0   0   0 255 255
255 255   0 255 255 255   0   0   0   0 255 255 255  29 255 255
255 255   0 255 255 255   0   0   0   0 255 255 255  29 255 255
255 255 255 255 255   0   0   0   0   0   0 255 255 255 255 255
255 255 255 255 255   0 255 255   0   0   0 255 255 255 255 255
255 255 255 255 255   0 255 255   0   0   0 255 255 255 255 255
255 255 255 255 255   0   0   0 255 255   0 255 255 255 255 255
255 255 255 255 255   0   0   0 255 255   0 255 255 255 255 255
255 255 255 255 255   0   0   0   0   0   0 255 255 255 255 255
255 255   0 255 255 255 255 255 255 255 255 255 255 255 255 255
255 255   0 255 255 255 255 255 255 255 255 255 255 255 255 255
255 255   0  29  29 255 255 255 255 255 255 255 255 255 255 255
255 255 255 255 255 255 255 255 255 255 255 255 255 255 255 255
255 255 255 255 255 255 255 255 255 255 255 255 255 255 255 255

254 252 251 251 253 254 255 255 255 255 255 255 255 255 255 255
252 144  96 102 171 236 255 255 255 255 255 255 255 255 255 255
251  93  32  64 154 233 255 255 255 255 255 255 255 255 255 255
251  86  48 171 229 249 255 255 255 255 255 255 255 255 255 255
253 161 142 226 203 157 142 142 142 142 157 205 255 255 255 255
254 234 225 228 143  56  32  38  49  47  62 157 255 255 255 255
255 255 227 130  57  12   0  39 107  93  47 142 255 255 255 255
255 255 211  57   7   8  39  90 143 107  49 142 255 255 255 255
255 255 211  57   7  18 107 143  90  39  38 142 255 255 255 255
255 255 227 130  57  27  93 107  39   0  32 142 255 255 255 255
254 234 225 228 143  58  47  49  38  32  59 157 249 233 236 254
253 161 142 226 202 157 142 142 142 142 157 203 229 154 171 253
251  86  47 166 226 249 255 255 255 255 249 226 171  64 102 251
251  93  28  47 142 230 255 255 255 255 230 142  48  32  96 251
252 144  93  86 161 234 255 255 255 255 234 161  86  93 144 252
254 252 251 251 253 254 255 255 255 255 254 253 251 251 252 254
254 252 251 251 253 254 255 255 255 255 255 255 255 255 255 255
252 144  96 102 171 236 255 255 255 255 255 255 255 255 255 255
251  93  32  64 154 233 255 255 255 255 255 255 255 255 255 255
251  86  48 171 229 249 255 255 255 255 255 255 255 255 255 255
253 161 142 226 203 157 142 142 142 142 157 205 255 255 255 255
254 234 225 228 143  56  32  38  49  47  62 157 255 255 255 255
255 255 227 130  57  12   0  39 107  93  47 142 255 255 255 255
255 255 211  57   7   8  39  90 143 107  49 142 255 255 255 255
255 255 211  57   7  18 107 143  90  39  38 142 255 255 255 255
255 255 227 130  57  27  93 107  39   0  32 142 255 255 255 255
254 234 225 228 143  58  47  49  38  32  59 157 249 233 236 254
253 161 142 226 202 157 142 142 142 142 157 203 229 154 171 253
251  86  47 166 226 249 255 255 255 255 249 226 171  64 102 251
251  93  28  47 142 230 255 255 255 255 230 142  48  32  96 251
252 144  93  86 161 234 255 255 255 255 234 161  86  93 144 252
254 252 251 251 253 254 255 255 255 255 254 253 251 251 252 254
254 252 251 251 253 254 255 255 255 255 255 255 255 255 255 255
252 144  96 102 171 236 255 255 255 255 255 255 255 255 255 255
251  93  32  64 154 233 255 255 255 255 255 255 255 255 255 255
251  86  48 171 229 249 255 255 255 255 255 255 255 255 255 255
253 161 142 226 203 157 142 142 142 142 157 205 255 255 255 255
254 234 225 228 143  56  32  38  49  47  62 157 255 255 255 255
255 255 227 130  57  12   0  39 107  93  47 142 255 255 255 255
255 255 211  57   7   8  39  90 143 107  49 142 255 255 255 255
255 255 211  57   7  18 107 143  90  39  38 142 255 255 255 255
255 255 227 130  57  27  93 107  39   0  32 142 255 255 255 255
254 234 225 228 143  58  47  49  38  32  59 157 249 233 236 254
253 161 142 226 202 157 142 142 142 142 157 203 229 154 171 253
251  86  47 166 226 249 255 255 255 255 249 226 171  64 102 251
251  93  28  47 142 230 255 255 255 255 230 142  48  32  96 251
252 144  93  86 161 234 255 255 255 255 234 161  86  93 144 252
254 252 251 251 253 254 255 255 255 255 254 253 251 251 252 254

255 255 255 255 255 255 255 255 255 255 254 253 251 251 252 254
255 255 255 255 255 255 255 255 255 255 236 171 102  96 144 252
255 255 255 255 255 255 255 255 255 255 233 154  64  32  93 251
255 255 255 255 255 255 255 255 255 255 249 229 171  48  86 251
255 255 255 255 205 157 142 142 142 142 157 203 226 142 161 253
255 255 255 255 157  62  47  49  38  32  59 157 249 230 234 254
255 255 255 255 142  47  93 107  39   0  32 142 255 255 255 255
255 255 255 255 142  49 107 143  90  39  38 142 255 255 255 255
255 255 255 255 142  38  39  90 143 107  49 142 255 255 255 255
255 255 255 255 142  32   0  39 107  93  47 142 255 255 255 255
254 236 233 249 157  56  12   8  18  27  58 157 249 230 234 254
253 171 154 229 203 143  57   7   7  57 143 202 226 142 161 253
251 102  64 171 226 228 130  57  57 130 228 226 166  47  86 251
251  96  32  48 142 225 227 211 211 227 225 142  47  28  93 251
252 144  93  86 161 234 255 255 255 255 234 161  86  93 144 252
254 252 251 251 253 254 255 255 255 255 254 253 251 251 252 254
255 255 255 255 255 255 255 255 255 255 254 253 251 251 252 254
255 255 255 255 255 255 255 255 255 255 236 171 102  96 144 252
255 255 255 255 255 255 255 255 255 255 233 154  64  32  93 251
255 255 255 255 255 255 255 255 255 255 249 229 171  48  86 251
255 255 255 255 205 157 142 142 142 142 157 203 226 142 161 253
255 255 255 255 157  62  47  49  38  32  59 157 249 230 234 254
255 255 255 255 142  47  93 107  39   0  32 142 255 255 255 255
255 255 255 255 142  49 107 143  90  39  38 142 255 255 255 255
255 255 255 255 142  38  39  90 143 107  49 142 255 255 255 255
255 255 255 255 142  32   0  39 107  93  47 142 255 255 255 255
254 236 233 249 157  56  12   8  18  27  58 157 249 230 234 254
253 171 154 229 203 143  57   7   7  57 143 202 226 142 161 253
251 102  64 171 226 228 130  57  57 130 228 226 166  47  86 251
251  96  32  48 142 225 227 211 211 227 225 142  47  28  93 251
252 144  93  86 161 234 255 255 255 255 234 161  86  93 144 252
254 252 251 251 253 254 255 255 255 255 254 253 251 251 252 254
255 255 255 255 255 255 255 255 255 255 254 253 251 251 252 254
255 255 255 255 255 255 255 255 255 255 236 171 102  96 144 252
255 255 255 255 255 255 255 255 255 255 233 154  64  32  93 251
255 255 255 255 255 255 255 255 255 255 249 229 171  48  86 251
255 255 255 255 205 157 142 142 142 142 157 203 226 142 161 253
255 255 255 255 157  62  47  49  38  32  59 157 249 230 234 254
255 255 255 255 142  47  93 107  39   0  32 142 255 255 255 255
255 255 255 255 142  49 107 143  90  39  38 142 255 255 255 255
255 255 255 255 142  38  39  90 143 107  49 142 255 255 255 255
255 255 255 255 142  32   0  39 107  93  47 142 255 255 255 255
254 236 233 249 157  56  12   8  18  27  58 157 249 230 234 254
253 171 154 229 203 143  57   7   7  57 143 202 226 142 161 253
251 102  64 171 226 228 130  57  57 130 228 226 166  47  86 251
251  96  32  48 142 225 227 211 211 227 225 142  47  28  93 251
252 144  93  86 161 234 255 255 255 255 234 161  86  93 144 252
254 252 251 251 253 254 255 255 255 255 254 253 251 251 252 254

254 252 251 251 253 254 255 255 255 255 254 253 251 251 252 254
252 144  93  86 161 234 255 255 255 255 234 161  86  93 144 252
251  96  32  48 142 230 255 255 255 255 230 142  47  28  93 251
251 102  64 171 226 249 255 255 255 255 249 226 166  47  86 251
253 171 154 229 203 157 142 142 142 142 157 202 226 142 161 253
254 236 233 249 157  59  32  38  49  47  58 143 228 225 234 254
255 255 255 255 142  32   0  39 107  93  27  57 130 227 255 255
255 255 255 255 142  38  39  90 143 107  18   7  57 211 255 255
255 255 255 255 142  49 107 143  90  39   8   7  57 211 255 255
255 255 255 255 142  47  93 107  39   0  12  57 130 227 255 255
255 255 255 255 157  62  47  49  38  32  56 143 228 225 234 254
255 255 255 255 205 157 142 142 142 142 157 203 226 142 161 253
255 255 255 255 255 255 255 255 255 255 249 229 171  48  86 251
255 255 255 255 255 255 255 255 255 255 233 154  64  32  93 251
255 255 255 255 255 255 255 255 255 255 236 171 102  96 144 252
255 255 255 255 255 255 255 255 255 255 254 253 251 251 252 254
254 252 251 251 253 254 255 255 255 255 254 253 251 251 252 254
252 144  93  86 161 234 255 255 255 255 234 161  86  93 144 252
251  96  32  48 142 230 255 255 255 255 230 142  47  28  93 251
251 102  64 171 226 249 255 255 255 255 249 226 166  47  86 251
253 171 154 229 203 157 142 142 142 142 157 202 226 142 161 253
254 236 233 249 157  59  32  38  49  47  58 143 228 225 234 254
255 255 255 255 142  32   0  39 107  93  27  57 130 227 255 255
255 255 255 255 142  38  39  90 143 107  18   7  57 211 255 255
255 255 255 255 142  49 107 143  90  39   8   7  57 211 255 255
255 255 255 255 142  47  93 107  39   0  12  57 130 227 255 255
255 255 255 255 157  62  47  49  38  32  56 143 228 225 234 254
255 255 255 255 205 157 142 142 142 142 157 203 226 142 161 253
255 255 255 255 255 255 255 255 255 255 249 229 171  48  86 251
255 255 255 255 255 255 255 255 255 255 233 154  64  32  93 251
255 255 255 255 255 255 255 255 255 255 236 171 102  96 144 252
255 255 255 255 255 255 255 255 255 255 254 253 251 251 252 254
254 252 251 251 253 254 255 255 255 255 254 253 251 251 252 254
252 144  93  86 161 234 255 255 255 255 234 161  86  93 144 252
251  96  32  48 142 230 255 255 255 255 230 142  47  28  93 251
251 102  64 171 226 249 255 255 255 255 249 226 166  47  86 251
253 171 154 229 203 157 142 142 142 142 157 202 226 142 161 253
254 236 233 249 157  59  32  38  49  47  58 143 228 225 234 254
255 255 255 255 142  32   0  39 107  93  27  57 130 227 255 255
255 255 255 255 142  38  39  90 143 107  18   7  57 211 255 255
255 255 255 255 142  49 107 143  90  39   8   7  57 211 255 255
255 255 255 255 142  47  93 107  39   0  12  57 130 227 255 255
255 255 255 255 157  62  47  49  38  32  56 143 228 225 234 254
255 255 255 255 205 157 142 142 142 142 157 203 226 142 161 253
255 255 255 255 255 255 255 255 255 255 249 229 171  48  86 251
255 255 255 255 255 255 255 255 255 255 233 154  64  32  93 251
255 255 255 255 255 255 255 255 255 255 236 171 102  96 144 252
255 255 255 255 255 255 255 255 255 255 254 253 251 251 252 254
