255 255 255 255 255 255 255 255 255 255 255 255 255 255 255 255
255 255 255 255 255 255 255 255 255 255 255 255 255 255 255 255
255 255   0   0   0 255 255 255 255 255 255   0   0   0 255 255
255 255   0 255 255 255   0   0 255 255 255 255 255  29 255 255
255 255   0 255 255 255   0   0 255 255 255 255 255  29 255 255
255 255 255 255 255   0   0   0   0   0   0 255 255 255 255 255
255 255 255   0   0   0 255 255 255 255   0 255 255 255 255 255
255 255 255   0   0   0 255 255 255 255   0 255 255 255 255 255
255 255 255 255 255   0 255 255 255 255   0   0   0   0 255 255
255 255 255 255 255   0 255 255 255 255   0   0   0   0 255 255
255 255 255 255 255   0   0   0   0   0   0 255 255 255 255 255
255 255   0 255 255 255 255 255   0   0 255 255 255 255 255 255
255 255   0 255 255 255 255 255   0   0 255 255 255 255 255 255
255 255   0  29  29 255 255 255   0   0 255 255 255 255 255 255
255 255 255 255 255 255 255 255 255 255 255 255 255 255 255 255
255 255 255 255 255 255 255 255 255 255 255 255 255 255 255 255
255 255 255 255 255 255 255 255 255 255 255 255 255 255 255 255
255 255 255 255 255 255 255 255 255 255 255 255 255 255 255 255
255 255   0   0   0 255 255 255 255 255 255   0   0   0 255 255
255 255   0 255 255 255   0   0 255 255 255 255 255  29 255 255
255 255   0 255 255 255   0   0 255 255 255 255 255  29 255 255
255 255 255 255 255   0   0   0   0   0   0 255 255 255 255 255
255 255 255   0   0   0 255 255 255 255   0 255 255 255 255 255
255 255 255   0   0   0 255 255 255 255   0 255 255 255 255 255
255 255 255 255 255   0 255 255 255 255   0   0   0   0 255 255
255 255 255 255 255   0 255 255 255 255   0   0   0   0 255 255
255 255 255 255 255   0   0   0   0   0   0 255 255 255 255 255
255 255   0 255 255 255 255 255   0   0 255 255 255 255 255 255
255 255   0 255 255 255 255 255   0   0 255 255 255 255 255 255
255 255   0  29  29 255 255 255   0   0 255 255 255 255 255 255
255 255 255 255 255 255 255 255 255 255 255 255 255 255 255 255
255 255 255 255 255 255 255 255 255 255 255 255 255 255 255 255
255 255 255 255 255 255 255 255 255 255 255 255 255 255 255 255
255 255 255 255 255 255 255 255 255 255 255 255 255 255 255 255
255 255   0   0   0 255 255 255 255 255 255   0   0   0 255 255
255 255   0 255 255 255   0   0 255 255 255 255 255  29 255 255
255 255   0 255 255 255   0   0 255 255 255 255 255  29 255 255
255 255 255 255 255   0   0   0   0   0   0 255 255 255 255 255
255 255 255   0   0   0 255 255 255 255   0 255 255 255 255 255
255 255 255   0   0   0 255 255 255 255   0 255 255 255 255 255
255 255 255 255 255   0 255 255 255 255   0   0   0   0 255 255
255 255 255 255 255   0 255 255 255 255   0   0   0   0 255 255
255 255 255 255 255   0   0   0   0   0   0 255 255 255 255 255
255 255   0 255 255 255 255 255   0   0 255 255 255 255 255 255
255 255   0 255 255 255 255 255   0   0 255 255 255 255 255 255
255 255   0  29  29 255 255 255   0   0 255 255 255 255 255 255
255 255 255 255 255 255 255 255 255 255 255 255 255 255 255 255
255 255 255 255 255 255 255 255 255 255 255 255 255 255 255 255

254 252 251 251 253 254 255 254 252 252 254 255 255 255 255 255
252 144  96 102 171 236 255 211 137 153 238 255 255 255 255 255
251  93  32  64 154 233 255 192  83 107 231 255 255 255 255 255
251  86  48 171 229 249 255 189  76 100 230 255 255 255 255 255
253 161 142 226 203 157 142 106  41  56 143 205 255 255 255 255
254 234 230 249 157  62  47  47  33  27  55 143 230 231 238 254
255 255 255 255 142  47  93 147 147  93  27  56 100 107 153 252
255 255 243 202 107  47 147 234 234 147  33  41  76  83 137 252
255 255 223 110  43  33 147 234 234 147  47 106 189 192 211 254
255 255 227 130  57  27  93 147 147  93  47 142 255 255 255 255
254 234 225 228 143  55  27  33  47  47  62 157 249 233 236 254
253 161 142 226 202 143  57  43 107 142 157 203 229 154 171 253
251  86  47 166 226 228 130 110 202 255 249 226 171  64 102 251
251  93  28  47 142 225 227 223 243 255 230 142  48  32  96 251
252 144  93  86 161 234 255 255 255 255 234 161  86  93 144 252
254 252 251 251 253 254 255 255 255 255 254 253 251 251 252 254
254 252 251 251 253 254 255 254 252 252 254 255 255 255 255 255
252 144  96 102 171 236 255 211 137 153 238 255 255 255 255 255
251  93  32  64 154 233 255 192  83 107 231 255 255 255 255 255
251  86  48 171 229 249 255 189  76 100 230 255 255 255 255 255
253 161 142 226 203 157 142 106  41  56 143 205 255 255 255 255
254 234 230 249 157  62  47  47  33  27  55 143 230 231 238 254
255 255 255 255 142  47  93 147 147  93  27  56 100 107 153 252
255 255 243 202 107  47 147 234 234 147  33  41  76  83 137 252
255 255 223 110  43  33 147 234 234 147  47 106 189 192 211 254
255 255 227 130  57  27  93 147 147  93  47 142 255 255 255 255
254 234 225 228 143  55  27  33  47  47  62 157 249 233 236 254
253 161 142 226 202 143  57  43 107 142 157 203 229 154 171 253
251  86  47 166 226 228 130 110 202 255 249 226 171  64 102 251
251  93  28  47 142 225 227 223 243 255 230 142  48  32  96 251
252 144  93  86 161 234 255 255 255 255 234 161  86  93 144 252
254 252 251 251 253 254 255 255 255 255 254 253 251 251 252 254
254 252 251 251 253 254 255 254 252 252 254 255 255 255 255 255
252 144  96 102 171 236 255 211 137 153 238 255 255 255 255 255
251  93  32  64 154 233 255 192  83 107 231 255 255 255 255 255
251  86  48 171 229 249 255 189  76 100 230 255 255 255 255 255
253 161 142 226 203 157 142 106  41  56 143 205 255 255 255 255
254 234 230 249 157  62  47  47  33  27  55 143 230 231 238 254
255 255 255 255 142  47  93 147 147  93  27  56 100 107 153 252
255 255 243 202 107  47 147 234 234 147  33  41  76  83 137 252
255 255 223 110  43  33 147 234 234 147  47 106 189 192 211 254
255 255 227 130  57  27  93 147 147  93  47 142 255 255 255 255
254 234 225 228 143  55  27  33  47  47  62 157 249 233 236 254
253 161 142 226 202 143  57  43 107 142 157 203 229 154 171 253
251  86  47 166 226 228 130 110 202 255 249 226 171  64 102 251
251  93  28  47 142 225 227 223 243 255 230 142  48  32  96 251
252 144  93  86 161 234 255 255 255 255 234 161  86  93 144 252
254 252 251 251 253 254 255 255 255 255 254 253 251 251 252 254

255 255 255 255 255 254 252 252 254 255 254 253 251 251 252 254
255 255 255 255 255 238 153 137 211 255 236 171 102  96 144 252
255 255 255 255 255 231 107  83 192 255 233 154  64  32  93 251
255 255 255 255 255 230 100  76 189 255 249 229 171  48  86 251
255 255 255 255 205 143  56  41 106 142 157 203 226 142 161 253
254 238 231 230 143  55  27  33  47  47  62 157 249 230 234 254
252 153 107 100  56  27  93 147 147  93  47 142 255 255 255 255
252 137  83  76  41  33 147 234 234 147  47 107 202 243 255 255
254 211 192 189 106  47 147 234 234 147  33  43 110 223 255 255
255 255 255 255 142  47  93 147 147  93  27  57 130 227 255 255
254 236 233 249 157  62  47  47  33  27  55 143 228 225 234 254
253 171 154 229 203 157 142 107  43  57 143 202 226 142 161 253
251 102  64 171 226 249 255 202 110 130 228 226 166  47  86 251
251  96  32  48 142 230 255 243 223 227 225 142  47  28  93 251
252 144  93  86 161 234 255 255 255 255 234 161  86  93 144 252
254 252 251 251 253 254 255 255 255 255 254 253 251 251 252 254
255 255 255 255 255 254 252 252 254 255 254 253 251 251 252 254
255 255 255 255 255 238 153 137 211 255 236 171 102  96 144 252
255 255 255 255 255 231 107  83 192 255 233 154  64  32  93 251
255 255 255 255 255 230 100  76 189 255 249 229 171  48  86 251
255 255 255 255 205 143  56  41 106 142 157 203 226 142 161 253
254 238 231 230 143  55  27  33  47  47  62 157 249 230 234 254
252 153 107 100  56  27  93 147 147  93  47 142 255 255 255 255
252 137  83  76  41  33 147 234 234 147  47 107 202 243 255 255
254 211 192 189 106  47 147 234 234 147  33  43 110 223 255 255
255 255 255 255 142  47  93 147 147  93  27  57 130 227 255 255
254 236 233 249 157  62  47  47  33  27  55 143 228 225 234 254
253 171 154 229 203 157 142 107  43  57 143 202 226 142 161 253
251 102  64 171 226 249 255 202 110 130 228 226 166  47  86 251
251  96  32  48 142 230 255 243 223 227 225 142  47  28  93 251
252 144  93  86 161 234 255 255 255 255 234 161  86  93 144 252
254 252 251 251 253 254 255 255 255 255 254 253 251 251 252 254
255 255 255 255 255 254 252 252 254 255 254 253 251 251 252 254
255 255 255 255 255 238 153 137 211 255 236 171 102  96 144 252
255 255 255 255 255 231 107  83 192 255 233 154  64  32  93 251
255 255 255 255 255 230 100  76 189 255 249 229 171  48  86 251
255 255 255 255 205 143  56  41 106 142 157 203 226 142 161 253
254 238 231 230 143  55  27  33  47  47  62 157 249 230 234 254
252 153 107 100  56  27  93 147 147  93  47 142 255 255 255 255
252 137  83  76  41  33 147 234 234 147  47 107 202 243 255 255
254 211 192 189 106  47 147 234 234 147  33  43 110 223 255 255
255 255 255 255 142  47  93 147 147  93  27  57 130 227 255 255
254 236 233 249 157  62  47  47  33  27  55 143 228 225 234 254
253 171 154 229 203 157 142 107  43  57 143 202 226 142 161 253
251 102  64 171 226 249 255 202 110 130 228 226 166  47  86 251
251  96  32  48 142 230 255 243 223 227 225 142  47  28  93 251
252 144  93  86 161 234 255 255 255 255 234 161  86  93 144 252
254 252 251 251 253 254 255 255 255 255 254 253 251 251 252 254

254 252 251 251 253 254 255 255 255 255 254 253 251 251 252 254
252 144  93  86 161 234 255 255 255 255 234 161  86  93 144 252
251  96  32  48 142 230 255 243 223 227 225 142  47  28  93 251
251 102  64 171 226 249 255 202 110 130 228 226 166  47  86 251
253 171 154 229 203 157 142 107  43  57 143 202 226 142 161 253
254 236 233 249 157  62  47  47  33  27  55 143 228 225 234 254
255 255 255 255 142  47  93 147 147  93  27  57 130 227 255 255
254 211 192 189 106  47 147 234 234 147  33  43 110 223 255 255
252 137  83  76  41  33 147 234 234 147  47 107 202 243 255 255
252 153 107 100  56  27  93 147 147  93  47 142 255 255 255 255
254 238 231 230 143  55  27  33  47  47  62 157 249 230 234 254
255 255 255 255 205 143  56  41 106 142 157 203 226 142 161 253
255 255 255 255 255 230 100  76 189 255 249 229 171  48  86 251
255 255 255 255 255 231 107  83 192 255 233 154  64  32  93 251
255 255 255 255 255 238 153 137 211 255 236 171 102  96 144 252
255 255 255 255 255 254 252 252 254 255 254 253 251 251 252 254
254 252 251 251 253 254 255 255 255 255 254 253 251 251 252 254
252 144  93  86 161 234 255 255 255 255 234 161  86  93 144 252
251  96  32  48 142 230 255 243 223 227 225 142  47  28  93 251
251 102  64 171 226 249 255 202 110 130 228 226 166  47  86 251
253 171 154 229 203 157 142 107  43  57 143 202 226 142 161 253
254 236 233 249 157  62  47  47  33  27  55 143 228 225 234 254
255 255 255 255 142  47  93 147 147  93  27  57 130 227 255 255
254 211 192 189 106  47 147 234 234 147  33  43 110 223 255 255
252 137  83  76  41  33 147 234 234 147  47 107 202 243 255 255
252 153 107 100  56  27  93 147 147  93  47 142 255 255 255 255
254 238 231 230 143  55  27  33  47  47  62 157 249 230 234 254
255 255 255 255 205 143  56  41 106 142 157 203 226 142 161 253
255 255 255 255 255 230 100  76 189 255 249 229 171  48  86 251
255 255 255 255 255 231 107  83 192 255 233 154  64  32  93 251
255 255 255 255 255 238 153 137 211 255 236 171 102  96 144 252
255 255 255 255 255 254 252 252 254 255 254 253 251 251 252 254
254 252 251 251 253 254 255 255 255 255 254 253 251 251 252 254
252 144  93  86 161 234 255 255 255 255 234 161  86  93 144 252
251  96  32  48 142 230 255 243 223 227 225 142  47  28  93 251
251 102  64 171 226 249 255 202 110 130 228 226 166  47  86 251
253 171 154 229 203 157 142 107  43  57 143 202 226 142 161 253
254 236 233 249 157  62  47  47  33  27  55 143 228 225 234 254
255 255 255 255 142  47  93 147 147  93  27  57 130 227 255 255
254 211 192 189 106  47 147 234 234 147  33  43 110 223 255 255
252 137  83  76  41  33 147 234 234 147  47 107 202 243 255 255
252 153 107 100  56  27  93 147 147  93  47 142 255 255 255 255
254 238 231 230 143  55  27  33  47  47  62 157 249 230 234 254
255 255 255 255 205 143  56  41 106 142 157 203 226 142 161 253
255 255 255 255 255 230 100  76 189 255 249 229 171  48  86 251
255 255 255 255 255 231 107  83 192 255 233 154  64  32  93 251
255 255 255 255 255 238 153 137 211 255 236 171 102  96 144 252
255 255 255 255 255 254 252 252 254 255 254 253 251 251 252 254
