255 255 255 255 255 255 255 255 255 255 255 255 255 255 255 255
255 255 255 255 255 255 255 255 255 255 255 255 255 255 255 255
255 255   0   0   0 255 255 255 255 255 255   0   0   0 255 255
255 255   0 255 255   0   0   0   0   0   0 255 255  29 255 255
255 255   0 255 255   0   0   0   0   0   0 255 255  29 255 255
255 255 255   0   0 255 255 255 255 255 255   0   0 255 255 255
255 255 255   0   0 255 255 255 255 255 255   0   0 255 255 255
255 255 255   0   0 255 255 255 255 255 255   0   0 255 255 255
255 255 255   0   0 255 255 255 255 255 255   0   0 255 255 255
255 255 255   0   0 255 255 255 255 255 255   0   0 255 255 255
255 255 255   0   0 255 255 255 255 255 255   0   0 255 255 255
255 255   0 255 255   0   0   0   0   0   0 255 255 255 255 255
255 255   0 255 255   0   0   0   0   0   0 255 255 255 255 255
255 255   0  29  29 255 255 255 255 255 255 255 255 255 255 255
255 255 255 255 255 255 255 255 255 255 255 255 255 255 255 255
255 255 255 255 255 255 255 255 255 255 255 255 255 255 255 255
255 255 255 255 255 255 255 255 255 255 255 255 255 255 255 255
255 255 255 255 255 255 255 255 255 255 255 255 255 255 255 255
255 255   0   0   0 255 255 255 255 255 255   0   0   0 255 255
255 255   0 255 255   0   0   0   0   0   0 255 255  29 255 255
255 255   0 255 255   0   0   0   0   0   0 255 255  29 255 255
255 255 255   0   0 255 255 255 255 255 255   0   0 255 255 255
255 255 255   0   0 255 255 255 255 255 255   0   0 255 255 255
255 255 255   0   0 255 255 255 255 255 255   0   0 255 255 255
255 255 255   0   0 255 255 255 255 255 255   0   0 255 255 255
255 255 255   0   0 255 255 255 255 255 255   0   0 255 255 255
255 255 255   0   0 255 255 255 255 255 255   0   0 255 255 255
255 255   0 255 255   0   0   0   0   0   0 255 255 255 255 255
255 255   0 255 255   0   0   0   0   0   0 255 255 255 255 255
255 255   0  29  29 255 255 255 255 255 255 255 255 255 255 255
255 255 255 255 255 255 255 255 255 255 255 255 255 255 255 255
255 255 255 255 255 255 255 255 255 255 255 255 255 255 255 255
255 255 255 255 255 255 255 255 255 255 255 255 255 255 255 255
255 255 255 255 255 255 255 255 255 255 255 255 255 255 255 255
255 255   0   0   0 255 255 255 255 255 255   0   0   0 255 255
255 255   0 255 255   0   0   0   0   0   0 255 255  29 255 255
255 255   0 255 255   0   0   0   0   0   0 255 255  29 255 255
255 255 255   0   0 255 255 255 255 255 255   0   0 255 255 255
255 255 255   0   0 255 255 255 255 255 255   0   0 255 255 255
255 255 255   0   0 255 255 255 255 255 255   0   0 255 255 255
255 255 255   0   0 255 255 255 255 255 255   0   0 255 255 255
255 255 255   0   0 255 255 255 255 255 255   0   0 255 255 255
255 255 255   0   0 255 255 255 255 255 255   0   0 255 255 255
255 255   0 255 255   0   0   0   0   0   0 255 255 255 255 255
255 255   0 255 255   0   0   0   0   0   0 255 255 255 255 255
255 255   0  29  29 255 255 255 255 255 255 255 255 255 255 255
255 255 255 255 255 255 255 255 255 255 255 255 255 255 255 255
255 255 255 255 255 255 255 255 255 255 255 255 255 255 255 255

254 252 251 251 253 254 255 255 255 255 255 255 255 255 255 255
252 144  96 102 171 236 255 255 255 255 255 255 255 255 255 255
251  93  32  64 134 193 209 209 209 209 215 235 255 255 255 255
251  86  48 171 138  68  48  48  48  48  74 164 255 255 255 255
253 161 122 136 130 116 114 114 114 114 117 132 164 235 255 255
254 234 191  68 116 199 223 223 223 223 199 117  74 215 255 255
255 255 209  48 114 223 255 255 255 255 223 114  48 209 255 255
255 255 209  48 114 223 255 255 255 255 223 114  48 209 255 255
255 255 209  48 114 223 255 255 255 255 223 114  48 209 255 255
255 255 209  48 114 223 255 255 255 255 223 114  48 209 255 255
254 234 191  68 116 199 223 223 223 223 199 116  68 193 236 254
253 161 122 135 130 116 114 114 114 114 116 130 138 134 171 253
251  86  47 166 135  68  48  48  48  48  68 136 171  64 102 251
251  93  28  47 122 191 209 209 209 209 191 122  48  32  96 251
252 144  93  86 161 234 255 255 255 255 234 161  86  93 144 252
254 252 251 251 253 254 255 255 255 255 254 253 251 251 252 254
254 252 251 251 253 254 255 255 255 255 255 255 255 255 255 255
252 144  96 102 171 236 255 255 255 255 255 255 255 255 255 255
251  93  32  64 134 193 209 209 209 209 215 235 255 255 255 255
251  86  48 171 138  68  48  48  48  48  74 164 255 255 255 255
253 161 122 136 130 116 114 114 114 114 117 132 164 235 255 255
254 234 191  68 116 199 223 223 223 223 199 117  74 215 255 255
255 255 209  48 114 223 255 255 255 255 223 114  48 209 255 255
255 255 209  48 114 223 255 255 255 255 223 114  48 209 255 255
255 255 209  48 114 223 255 255 255 255 223 114  48 209 255 255
255 255 209  48 114 223 255 255 255 255 223 114  48 209 255 255
254 234 191  68 116 199 223 223 223 223 199 116  68 193 236 254
253 161 122 135 130 116 114 114 114 114 116 130 138 134 171 253
251  86  47 166 135  68  48  48  48  48  68 136 171  64 102 251
251  93  28  47 122 191 209 209 209 209 191 122  48  32  96 251
252 144  93  86 161 234 255 255 255 255 234 161  86  93 144 252
254 252 251 251 253 254 255 255 255 255 254 253 251 251 252 254
254 252 251 251 253 254 255 255 255 255 255 255 255 255 255 255
252 144  96 102 171 236 255 255 255 255 255 255 255 255 255 255
251  93  32  64 134 193 209 209 209 209 215 235 255 255 255 255
251  86  48 171 138  68  48  48  48  48  74 164 255 255 255 255
253 161 122 136 130 116 114 114 114 114 117 132 164 235 255 255
254 234 191  68 116 199 223 223 223 223 199 117  74 215 255 255
255 255 209  48 114 223 255 255 255 255 223 114  48 209 255 255
255 255 209  48 114 223 255 255 255 255 223 114  48 209 255 255
255 255 209  48 114 223 255 255 255 255 223 114  48 209 255 255
255 255 209  48 114 223 255 255 255 255 223 114  48 209 255 255
254 234 191  68 116 199 223 223 223 223 199 116  68 193 236 254
253 161 122 135 130 116 114 114 114 114 116 130 138 134 171 253
251  86  47 166 135  68  48  48  48  48  68 136 171  64 102 251
251  93  28  47 122 191 209 209 209 209 191 122  48  32  96 251
252 144  93  86 161 234 255 255 255 255 234 161  86  93 144 252
254 252 251 251 253 254 255 255 255 255 254 253 251 251 252 254

255 255 255 255 255 255 255 255 255 255 254 253 251 251 252 254
255 255 255 255 255 255 255 255 255 255 236 171 102  96 144 252
255 255 255 255 235 215 209 209 209 209 193 134  64  32  93 251
255 255 255 255 164  74  48  48  48  48  68 138 171  48  86 251
255 255 235 164 132 117 114 114 114 114 116 130 136 122 161 253
255 255 215  74 117 199 223 223 223 223 199 116  68 191 234 254
255 255 209  48 114 223 255 255 255 255 223 114  48 209 255 255
255 255 209  48 114 223 255 255 255 255 223 114  48 209 255 255
255 255 209  48 114 223 255 255 255 255 223 114  48 209 255 255
255 255 209  48 114 223 255 255 255 255 223 114  48 209 255 255
254 236 193  68 116 199 223 223 223 223 199 116  68 191 234 254
253 171 134 138 130 116 114 114 114 114 116 130 135 122 161 253
251 102  64 171 136  68  48  48  48  48  68 135 166  47  86 251
251  96  32  48 122 191 209 209 209 209 191 122  47  28  93 251
252 144  93  86 161 234 255 255 255 255 234 161  86  93 144 252
254 252 251 251 253 254 255 255 255 255 254 253 251 251 252 254
255 255 255 255 255 255 255 255 255 255 254 253 251 251 252 254
255 255 255 255 255 255 255 255 255 255 236 171 102  96 144 252
255 255 255 255 235 215 209 209 209 209 193 134  64  32  93 251
255 255 255 255 164  74  48  48  48  48  68 138 171  48  86 251
255 255 235 164 132 117 114 114 114 114 116 130 136 122 161 253
255 255 215  74 117 199 223 223 223 223 199 116  68 191 234 254
255 255 209  48 114 223 255 255 255 255 223 114  48 209 255 255
255 255 209  48 114 223 255 255 255 255 223 114  48 209 255 255
255 255 209  48 114 223 255 255 255 255 223 114  48 209 255 255
255 255 209  48 114 223 255 255 255 255 223 114  48 209 255 255
254 236 193  68 116 199 223 223 223 223 199 116  68 191 234 254
253 171 134 138 130 116 114 114 114 114 116 130 135 122 161 253
251 102  64 171 136  68  48  48  48  48  68 135 166  47  86 251
251  96  32  48 122 191 209 209 209 209 191 122  47  28  93 251
252 144  93  86 161 234 255 255 255 255 234 161  86  93 144 252
254 252 251 251 253 254 255 255 255 255 254 253 251 251 252 254
255 255 255 255 255 255 255 255 255 255 254 253 251 251 252 254
255 255 255 255 255 255 255 255 255 255 236 171 102  96 144 252
255 255 255 255 235 215 209 209 209 209 193 134  64  32  93 251
255 255 255 255 164  74  48  48  48  48  68 138 171  48  86 251
255 255 235 164 132 117 114 114 114 114 116 130 136 122 161 253
255 255 215  74 117 199 223 223 223 223 199 116  68 191 234 254
255 255 209  48 114 223 255 255 255 255 223 114  48 209 255 255
255 255 209  48 114 223 255 255 255 255 223 114  48 209 255 255
255 255 209  48 114 223 255 255 255 255 223 114  48 209 255 255
255 255 209  48 114 223 255 255 255 255 223 114  48 209 255 255
254 236 193  68 116 199 223 223 223 223 199 116  68 191 234 254
253 171 134 138 130 116 114 114 114 114 116 130 135 122 161 253
251 102  64 171 136  68  48  48  48  48  68 135 166  47  86 251
251  96  32  48 122 191 209 209 209 209 191 122  47  28  93 251
252 144  93  86 161 234 255 255 255 255 234 161  86  93 144 252
254 252 251 251 253 254 255 255 255 255 254 253 251 251 252 254

254 252 251 251 253 254 255 255 255 255 254 253 251 251 252 254
252 144  93  86 161 234 255 255 255 255 234 161  86  93 144 252
251  96  32  48 122 191 209 209 209 209 191 122  47  28  93 251
251 102  64 171 136  68  48  48  48  48  68 135 166  47  86 251
253 171 134 138 130 116 114 114 114 114 116 130 135 122 161 253
254 236 193  68 116 199 223 223 223 223 199 116  68 191 234 254
255 255 209  48 114 223 255 255 255 255 223 114  48 209 255 255
255 255 209  48 114 223 255 255 255 255 223 114  48 209 255 255
255 255 209  48 114 223 255 255 255 255 223 114  48 209 255 255
255 255 209  48 114 223 255 255 255 255 223 114  48 209 255 255
255 255 215  74 117 199 223 223 223 223 199 116  68 191 234 254
255 255 235 164 132 117 114 114 114 114 116 130 136 122 161 253
255 255 255 255 164  74  48  48  48  48  68 138 171  48  86 251
255 255 255 255 235 215 209 209 209 209 193 134  64  32  93 251
255 255 255 255 255 255 255 255 255 255 236 171 102  96 144 252
255 255 255 255 255 255 255 255 255 255 254 253 251 251 252 254
254 252 251 251 253 254 255 255 255 255 254 253 251 251 252 254
252 144  93  86 161 234 255 255 255 255 234 161  86  93 144 252
251  96  32  48 122 191 209 209 209 209 191 122  47  28  93 251
251 102  64 171 136  68  48  48  48  48  68 135 166  47  86 251
253 171 134 138 130 116 114 114 114 114 116 130 135 122 161 253
254 236 193  68 116 199 223 223 223 223 199 116  68 191 234 254
255 255 209  48 114 223 255 255 255 255 223 114  48 209 255 255
255 255 209  48 114 223 255 255 255 255 223 114  48 209 255 255
255 255 209  48 114 223 255 255 255 255 223 114  48 209 255 255
255 255 209  48 114 223 255 255 255 255 223 114  48 209 255 255
255 255 215  74 117 199 223 223 223 223 199 116  68 191 234 254
255 255 235 164 132 117 114 114 114 114 116 130 136 122 161 253
255 255 255 255 164  74  48  48  48  48  68 138 171  48  86 251
255 255 255 255 235 215 209 209 209 209 193 134  64  32  93 251
255 255 255 255 255 255 255 255 255 255 236 171 102  96 144 252
255 255 255 255 255 255 255 255 255 255 254 253 251 251 252 254
254 252 251 251 253 254 255 255 255 255 254 253 251 251 252 254
252 144  93  86 161 234 255 255 255 255 234 161  86  93 144 252
251  96  32  48 122 191 209 209 209 209 191 122  47  28  93 251
251 102  64 171 136  68  48  48  48  48  68 135 166  47  86 251
253 171 134 138 130 116 114 114 114 114 116 130 135 122 161 253
254 236 193  68 116 199 223 223 223 223 199 116  68 191 234 254
255 255 209  48 114 223 255 255 255 255 223 114  48 209 255 255
255 255 209  48 114 223 255 255 255 255 223 114  48 209 255 255
255 255 209  48 114 223 255 255 255 255 223 114  48 209 255 255
255 255 209  48 114 223 255 255 255 255 223 114  48 209 255 255
255 255 215  74 117 199 223 223 223 223 199 116  68 191 234 254
255 255 235 164 132 117 114 114 114 114 116 130 136 122 161 253
255 255 255 255 164  74  48  48  48  48  68 138 171  48  86 251
255 255 255 255 235 215 209 209 209 209 193 134  64  32  93 251
255 255 255 255 255 255 255 255 255 255 236 171 102  96 144 252
255 255 255 255 255 255 255 255 255 255 254 253 251 251 252 254
